    1.0000   67.8899
    2.0000   66.0550
    3.0000   67.8899
    4.0000   68.3486
    5.0000   75.2294
    6.0000   74.3119
    7.0000   72.9358
    8.0000   73.8532
    9.0000   42.2018
   10.0000   19.2661
   11.0000   19.7248
   12.0000   16.9725
   13.0000   22.4771
   14.0000   22.9358
   15.0000   17.8899
   16.0000   13.3028
   17.0000   15.1376
   18.0000   18.8073
   19.0000   13.7615
   20.0000   14.2202
   21.0000   17.8899
   22.0000   14.2202
   23.0000   21.5596
   24.0000   23.8532
   25.0000   13.3028
   26.0000   21.1009
   27.0000   28.4404
   28.0000   17.8899
   29.0000   18.8073
   30.0000   27.0642
   31.0000   17.4312
   32.0000   13.7615
   33.0000   14.6789
   34.0000   28.4404
   35.0000   23.3945
   36.0000   20.1835
   37.0000   16.0550
   38.0000   19.7248
   39.0000   25.6881
   40.0000   24.3119
   41.0000   18.8073
   42.0000   21.5596
   43.0000   17.4312
   44.0000   20.1835
   45.0000   21.1009
   46.0000   26.1468
   47.0000   26.1468
   48.0000   19.7248
   49.0000   23.8532
   50.0000   24.3119
