    1.0000   66.0550
    2.0000   67.4312
    3.0000   68.3486
    4.0000   73.3945
    5.0000   77.5229
    6.0000   83.0275
    7.0000   80.7339
    8.0000   79.8165
    9.0000   76.1468
   10.0000   75.2294
   11.0000   74.7706
   12.0000   72.9358
   13.0000   71.5596
   14.0000   69.7248
   15.0000   67.8899
   16.0000   64.2202
   17.0000   69.7248
   18.0000   64.2202
   19.0000   57.7982
   20.0000   66.0550
   21.0000   65.1376
   22.0000   57.7982
   23.0000   44.9541
   24.0000   24.7706
   25.0000   19.2661
   26.0000   39.9083
   27.0000   19.7248
   28.0000   29.3578
   29.0000   44.9541
   30.0000   31.6514
   31.0000   27.9817
   32.0000   27.9817
   33.0000   21.5596
   34.0000   22.4771
   35.0000   17.8899
   36.0000   13.7615
   37.0000   20.6422
   38.0000   25.6881
   39.0000   16.9725
   40.0000   18.8073
   41.0000   12.8440
   42.0000   18.8073
   43.0000   12.3853
   44.0000   18.3486
   45.0000   22.9358
   46.0000   13.7615
   47.0000   16.9725
   48.0000   19.2661
   49.0000   22.4771
   50.0000   25.6881