    1.0000   61.4679
    2.0000   66.0550
    3.0000   71.5596
    4.0000   72.0183
    5.0000   78.4404
    6.0000   81.1927
    7.0000   81.6514
    8.0000   83.0275
    9.0000   81.6514
   10.0000   79.8165
   11.0000   79.3578
   12.0000   77.0642
   13.0000   78.4404
   14.0000   79.3578
   15.0000   78.4404
   16.0000   76.6055
   17.0000   75.6881
   18.0000   73.8532
   19.0000   73.3945
   20.0000   72.0183
   21.0000   71.1009
   22.0000   69.7248
   23.0000   69.2661
   24.0000   68.8073
   25.0000   67.8899
   26.0000   67.4312
   27.0000   65.1376
   28.0000   64.6789
   29.0000   64.6789
   30.0000   65.5963
   31.0000   23.3945
   32.0000   22.9358
   33.0000   57.3394
   34.0000   64.6789
   35.0000   62.8440
   36.0000   63.7615
   37.0000   25.6881
   38.0000   60.0917
   39.0000   63.7615
   40.0000   32.1101
   41.0000   40.8257
   42.0000   19.2661
   43.0000   33.4862
   44.0000   28.4404
   45.0000   23.3945
   46.0000   52.7523
   47.0000   27.5229
   48.0000   13.3028
   49.0000   16.5138
   50.0000   22.4771